Coefficients: [9455.32767218]
Intercept: 25771.037569698674
